37149 2851 1764211 ahorro
89483 7722 1379021 vista
80075 4098 1767615 corriente
73243 5973 1664127 ahorro
61472 1820 1294731 corriente
32387 5803 1294045 ahorro
88791 3030 1980280 vista
29357 6013 1843359 corriente
63672 4876 1287716 corriente
64849 3566 1039694 corriente
82102 8906 1060928 corriente
65238 8756 1197227 corriente
19695 1542 1168937 ahorro
35470 5915 1399220 vista
42756 5537 1701046 corriente
91589 8679 1550836 ahorro
36145 8753 1862053 corriente
64789 5866 1413722 corriente
34739 9075 1673216 ahorro
14269 5434 1461769 vista
68887 7974 1273132 vista
74076 6749 1311026 ahorro
64437 6286 1527078 vista
29629 1387 1937437 vista
59998 9826 1578614 corriente
24173 1612 1294189 vista
34527 3576 1212373 vista
12194 3886 1034459 corriente
40588 1917 1739889 corriente
35091 4808 1454639 vista
66143 1783 1694831 ahorro
78291 4789 1530342 vista
47980 2850 1504746 corriente
50258 6333 1994272 corriente
93332 8655 1637111 ahorro
10485 2478 1577452 corriente
18787 8999 1832877 corriente
91574 3594 1388448 ahorro
24514 3866 1131389 ahorro
16069 2507 1876448 ahorro
87362 4777 1317564 corriente
75291 7151 1838998 corriente
83094 1636 1037909 vista
74599 3063 1035615 vista
97166 2671 1729107 corriente
90744 9753 1788326 ahorro
85120 3796 1686645 corriente
87083 9916 1669661 ahorro
69072 2246 1908303 ahorro
10147 4316 1775602 vista
45139 5928 1235499 vista
26251 2437 1658256 ahorro
77811 9435 1177673 corriente
22018 6475 1594765 ahorro
36497 9624 1762509 vista
91538 3558 1529444 vista
59367 5341 1843710 ahorro
19715 4839 1820930 ahorro
98918 9433 1180169 vista
41477 1923 1178290 vista
34776 3038 1163150 ahorro
82993 8196 1056581 ahorro
94060 1986 1703989 ahorro
54793 3297 1098126 vista
53397 9175 1216013 corriente
57299 7682 1210389 ahorro
96016 6833 1943974 ahorro
44363 5987 1201406 corriente
69404 8134 1715281 corriente
38815 3403 1552333 vista
42565 6754 1833925 ahorro
55005 9180 1906928 vista
54826 2502 1479390 corriente
95114 8865 1882568 ahorro
71660 3984 1795734 corriente
66291 9142 1210242 corriente
99875 3469 1236393 vista
96909 9227 1247479 vista
95418 5883 1661779 ahorro
46603 5594 1341380 ahorro
13683 9169 1103200 vista
34840 9217 1041748 ahorro
68322 5757 1622820 vista
94211 7439 1350510 vista
45341 5838 1988168 corriente
90158 9952 1675735 ahorro
72023 5293 1208838 ahorro
95004 5022 1390831 corriente
50346 1655 1076296 corriente
16987 7189 1808636 corriente
61119 6009 1209737 corriente
76665 2218 1897096 ahorro
89710 5063 1481002 vista
77112 4424 1483823 corriente
54480 2692 1093667 corriente
58616 7461 1772436 corriente
27558 5874 1427966 corriente
27144 4403 1099026 vista
78577 7749 1023878 corriente
88114 5328 1749895 vista